-0.429193   91.525080   -7.879150   -22.820270
-1.719862   58.321080  -10.377350   -46.898940
-5.007316   71.192640    8.240685   -83.728900
-0.287603   85.375360   -7.939428   -98.932140
-5.385808   84.638150   28.309510   -80.682430
-2.131256   66.975350  -36.142520   -77.858640
-5.909926   67.762820   11.972000  -100.506000
-1.761369   82.375110  -17.961390  -101.113000
-4.886452   93.692730   61.169630   -50.296160
-0.076463  132.163800  -27.962910   -45.678620
-4.835465  127.348600   32.948050   -60.560370
-2.272892   75.532070   -0.052938   -36.028640
-2.502502   54.740320   33.348330   -16.831220
 0.419851   77.303050  -51.377970   -46.423260
-3.157734   39.666630   -9.049753   -72.509080
-1.855166   55.956230   28.059090   -67.742600
-2.240662   99.025230   20.366150   -63.851670
-1.542215   69.410940   -2.297517   -46.029440
-0.024448   79.225620   31.204290   -48.721830
 0.381996   89.441640  -31.703690   -24.567590
-1.811769   62.877950   40.258170   -12.872220
 0.007467   55.984710   -1.362201   -44.155980
-2.640771   43.722650  -36.777030   -83.029980
-7.479809   48.482910   -1.897099  -141.781000
-5.786258   53.700330  -30.192680  -146.912700
-2.844985   62.465800   40.667640   -56.366880
-1.021775   88.921220    4.782342    -9.986611
 1.271876  100.071500    8.657103   -51.825690
-3.703550   74.020370   22.737000   -49.527290
-0.740593   93.451920  -11.326450   -29.575310
-2.039873  108.071000    4.043788   -42.524570
-4.783215   85.480070   29.507960   -67.656060
-2.743235   72.434580  -18.917550   -64.204690
-2.310436   88.620350   10.708050   -52.882950
-4.255698  105.795800   41.655300   -58.808080
-2.851549   91.610870    2.976704   -51.188600
 0.245209  109.775700   27.750370   -10.830500
-1.176344  122.283400    9.251663    -7.069166
-0.239600  116.064700   12.570820   -14.336530
-2.221577   64.940440    5.753542   -30.791390
-1.419698   36.744950  -16.175360   -48.672380
-2.824783   87.470340   30.072670   -39.673610
 1.094621  103.354600  -30.152510    -7.785422
-0.516426   88.000470   20.354540    -5.374128
-1.001139   57.945790    2.261419   -56.421190
-2.647951   91.927560    7.695107   -67.239300
-1.283777  111.404500    3.984201   -32.567930
-0.147841  105.396400  -21.615390   -48.518700
-7.100550   53.943830   -8.628792  -148.764800
-7.262853   74.919680   21.719520  -121.680800
-2.135755   92.689720   25.873240   -24.694990
-1.892344   63.665870  -27.533590   -67.293470
-4.463648   89.461820   35.060010   -64.739390
-0.926409   95.214740    2.936921   -27.098590
-0.971948   94.239340  -40.014360   -56.284140
-4.944167  101.794100   15.657630   -79.165400
-3.766340   69.859140   -6.119968   -71.029310
-5.005389   42.611650   18.661400   -84.609620
-1.510434   88.119240   30.313920   -68.451740
-1.086955  118.275800   -0.884792   -13.054470
-2.084453   71.357930    5.712505   -31.852870
-3.971441   31.635900  -15.457500   -87.317550
-4.075956   45.859720   29.268770   -74.333170
-4.833705   53.229290   38.110450   -57.263650
-3.609079   64.336030   11.802880   -67.196440
-3.568921   61.437770    0.530716   -69.456790
-2.690543   56.032820   -9.802845   -57.948500
-1.409111   40.053570  -31.487060   -93.863910
-7.586957   49.021110    8.337195  -137.978200
-4.812528   92.428470   38.167090   -86.405580
-3.222207  103.928500    9.142027   -54.617810
-1.315754   89.882010  -29.293460   -52.157150
-0.266454  118.168900   16.429410     5.237370
 1.929194  121.966200    4.756937    16.038110
-1.233420  100.377800   25.315420    -9.643174
-0.353482   82.092440  -24.896880   -53.036160
-2.781474   87.642410   -8.095398   -59.889270
-0.380109  118.022600   12.124250   -47.767620
-5.255586  121.744000   53.883860   -53.383150
-1.819253  129.932100   14.801830   -30.282690
-1.187087   93.434470   12.557240   -15.422270
-1.676730   74.333380  -20.774720   -69.286960
-4.384879   70.061910    2.577635   -89.415670
-4.449524   82.037760   18.676870   -82.191270
-1.433092   91.878190   -2.282703   -94.401270
-4.648868   84.775660   -8.652606  -115.019500
-5.847508   99.943360   52.598730   -78.607280
-0.514322  136.263700   -5.842274   -12.245240
-1.750689  108.346800   19.326030   -24.239520
-2.497623   86.424190   12.375330   -42.042230
-1.966751   54.859430   -6.400075   -54.914680
-2.995065   56.903620    1.315631   -64.978810
 0.233510  110.400600    0.519834   -41.668140
-2.850258   75.447040   25.028030   -31.315380
-2.509533   34.267230  -24.001010   -63.693190
-4.539189   26.549870  -40.947840  -146.965000
-9.798897   69.940290   75.729620  -126.416900
-2.504187   89.503510  -44.335000   -76.119520
-2.118638  100.676000   48.674720   -16.332070
-0.782366  133.577300    4.789128   -10.575320
